SVM
================================================================
[LibLinear]
Classification report for - 
LinearSVC(C=1.0, class_weight=None, dual=True, fit_intercept=True,
          intercept_scaling=1, loss='squared_hinge', max_iter=1000,
          multi_class='ovr', penalty='l2', random_state=None, tol=0.0001,
          verbose=True):
              precision    recall  f1-score   support

           0     0.9818    0.9898    0.9858       980
           1     0.9790    0.9859    0.9824      1135
           2     0.9699    0.9671    0.9685      1032
           3     0.9643    0.9624    0.9633      1010
           4     0.9734    0.9684    0.9709       982
           5     0.9795    0.9664    0.9729       892
           6     0.9811    0.9760    0.9785       958
           7     0.9659    0.9630    0.9644      1028
           8     0.9366    0.9548    0.9456       974
           9     0.9602    0.9554    0.9578      1009

    accuracy                         0.9691     10000
   macro avg     0.9692    0.9689    0.9690     10000
weighted avg     0.9692    0.9691    0.9691     10000


[[ 970    1    2    0    0    0    3    0    4    0]
 [   1 1119    3    2    1    0    4    2    3    0]
 [   5    4  998    8    2    0    3    6    6    0]
 [   0    1    6  972    0    7    0    6   15    3]
 [   0    0    0    0  951    0    4    1    7   19]
 [   1    2    1   11    0  862    2    1   10    2]
 [   5    4    1    1    2    3  935    0    6    1]
 [   1    5    8    5    7    0    0  990    3    9]
 [   4    4    8    5    5    6    2    4  930    6]
 [   1    3    2    4    9    2    0   15    9  964]]


KNN
=========================================================
 Classification report for - 
KNeighborsClassifier(algorithm='auto', leaf_size=30, metric='minkowski',
                     metric_params=None, n_jobs=None, n_neighbors=3, p=2,
                     weights='uniform'):
              precision    recall  f1-score   support

           0     0.9501    0.9918    0.9705       980
           1     0.9764    0.9841    0.9803      1135
           2     0.9700    0.9709    0.9705      1032
           3     0.9593    0.9574    0.9584      1010
           4     0.9766    0.9348    0.9553       982
           5     0.9759    0.9552    0.9654       892
           6     0.9760    0.9770    0.9765       958
           7     0.9693    0.9533    0.9613      1028
           8     0.9632    0.9394    0.9511       974
           9     0.9178    0.9633    0.9400      1009

    accuracy                         0.9631     10000
   macro avg     0.9635    0.9627    0.9629     10000
weighted avg     0.9635    0.9631    0.9631     10000


[[ 972    4    0    0    0    0    3    1    0    0]
 [   4 1117    2    2    2    0    3    2    2    1]
 [   7    2 1002    8    0    0    1    7    4    1]
 [   5    1    6  967    0   12    0    6   10    3]
 [   0    3    2    0  918    0    4    3    2   50]
 [   3    0    1   13    1  852    9    0   11    2]
 [  11    3    0    0    3    1  936    0    4    0]
 [   0    7   11    5    3    1    0  980    1   20]
 [  17    3    6    9    6    3    3    2  915   10]
 [   4    4    3    4    7    4    0   10    1  972]]

